 05  07  08  06  04  03
#0
 214334573.723973  65123.230765  10108467.087461  1971208.148831  36728.996316  20504.088376  98.100016
 98.100016  220604517.098874  67050.838097  10403772.304423  2028616.431035  37736.928183  21065.895977
 21065.895977  100.823894  220552329.441090  67034.833145  10401311.061315  2028139.978944  37728.570354
 37728.570354  21061.234852  100.805759  215396282.576969  65449.114955  10158493.842710  1980937.324117
 1980937.324117  36901.437698  20600.231725  98.567133  215410384.786954  65453.468940  10159160.732434
 10159160.732434  1981067.267215  36903.724073  20601.489299  98.560726  216064748.659790  65654.868718
 65654.868718  10190008.572474  1987063.271375  37008.748862  20660.022938  98.851203  214241187.068863
#1
 214241187.068863  65094.526111  10104076.723342  1970354.448637  36714.053960  20495.760075  98.045662  103.316321
 103.316321  104.855389  104.834310  103.615417  103.611474  103.765259  103.296309  00.224728
 00.224728  103.307104  104.815469  104.805852  103.561163  103.572851  103.733833  103.290754
 103.290754  00.235217  103.523267  105.041316  105.035674  103.788934  103.777642  103.938419
 103.938419  103.486506  00.219229  103.578334  105.118560  105.099761  103.859299  103.871330
 103.871330  104.018109  103.570244  00.231859  103.475206  104.987378  104.986330  103.728691
 103.728691  103.722963  103.897460  103.442363  00.225517  103.259142  104.785822  104.768450
 104.768450  103.529928  103.542267  103.693290  103.242490  00.218938  103.592553  105.122800
#2
 105.122800  105.113217  103.873999  103.887977  104.029580  103.562910  00.228801  103.318229  104.853817
 104.853817  104.836933  103.630000  103.628097  103.793648  103.302617  00.230714  05.913993  05.920069
 05.920069  05.930331  05.923492  05.927707  05.918174  05.933408  05.923148  00.011824  05.918364
 05.918364  05.920601  05.927788  05.926321  05.922212  05.921938  05.924819  05.917930  00.009672
 00.009672  05.897468  05.899764  05.895643  05.901128  05.906245  05.896262  05.903827  05.895994
 05.895994  00.006990  05.946595  05.945424  05.940898  05.952529  05.943384  05.934664  05.947883
#3
 05.947883  05.945654  00.004942  05.917594  05.909680  05.927108  05.930231
 05.930231  05.914410  05.911046  05.929084  05.911772  00.012822  05.921926
 05.921926  05.914333  05.928735  05.931910  05.927203  05.920344  05.928274
 05.928274  05.923542  00.011269  01.637367  01.642686  01.639532  01.653151
#4
 01.653151  01.646912  01.639759  00.003211  01.704975
 01.704975  01.702216  01.702954  01.709148  01.692880
 01.692880  01.709183 -00.000203  01.839903  01.832026